00000000000000000000000000000000000000000000000000
00000000000000000000000110000000000000000000000000
00000000000000000000000130000000000000000000000000
00000000000000000000000110000000000000000000000000
00000000000000000000000000000000000000000000000000
00000000000000000000000000000000100000000000000000
00000000000000000000000000000000200000000000000000
00000000000000000000000000000000100000000000000000
00000000000000000000000000000000000000000000000000
00000000000000000000000000000000000000000000000000
00000000000000000000000000000000000000000000000000
00000000000000000000000000000000000000000000000000
00000000000000000000000000000000000000000000000000
00000000000000000000000000000000000000000000000000
00000000000000000000000000000000000000000000000000